2.000000	0.500000	0.500000	-0.909297	0.000000	
2.010000	0.497847	0.497512	-0.905091	0.002454	
2.020000	0.495703	0.495050	-0.900793	0.004818	
2.030000	0.493568	0.492611	-0.896406	0.007092	
2.040000	0.491442	0.490196	-0.891929	0.009277	
2.050000	0.489325	0.487805	-0.887362	0.011375	
2.060000	0.487217	0.485437	-0.882707	0.013386	
2.070000	0.485118	0.483092	-0.877964	0.015311	
2.080000	0.483029	0.480769	-0.873133	0.017152	
2.090000	0.480948	0.478469	-0.868215	0.018909	
2.100000	0.478877	0.476190	-0.863209	0.020583	
2.110000	0.476814	0.473934	-0.858118	0.022176	
2.120000	0.474761	0.471698	-0.852941	0.023688	
2.130000	0.472717	0.469484	-0.847678	0.025120	
2.140000	0.470681	0.467290	-0.842330	0.026474	
2.150000	0.468655	0.465116	-0.836899	0.027750	
2.160000	0.466638	0.462963	-0.831383	0.028949	
2.170000	0.464630	0.460829	-0.825785	0.030073	
2.180000	0.462631	0.458716	-0.820104	0.031122	
2.190000	0.460642	0.456621	-0.814341	0.032097	
2.200000	0.458661	0.454545	-0.808496	0.033000	
2.210000	0.456689	0.452489	-0.802571	0.033831	
2.220000	0.454727	0.450450	-0.796565	0.034591	
2.230000	0.452773	0.448430	-0.790480	0.035282	
2.240000	0.450829	0.446429	-0.784316	0.035904	
2.250000	0.448893	0.444444	-0.778073	0.036458	
2.260000	0.446967	0.442478	-0.771753	0.036946	
2.270000	0.445050	0.440529	-0.765355	0.037368	
2.280000	0.443142	0.438596	-0.758881	0.037725	
2.290000	0.441243	0.436681	-0.752331	0.038019	
2.300000	0.439353	0.434783	-0.745705	0.038250	
2.310000	0.437472	0.432900	-0.739005	0.038419	
2.320000	0.435600	0.431034	-0.732231	0.038528	
2.330000	0.433737	0.429185	-0.725384	0.038577	
2.340000	0.431884	0.427350	-0.718465	0.038567	
2.350000	0.430039	0.425532	-0.711473	0.038500	
2.360000	0.428204	0.423729	-0.704411	0.038376	
2.370000	0.426377	0.421941	-0.697278	0.038196	
2.380000	0.424560	0.420168	-0.690075	0.037962	
2.390000	0.422752	0.418410	-0.682803	0.037674	
2.400000	0.420953	0.416667	-0.675463	0.037333	
2.410000	0.419162	0.414938	-0.668056	0.036941	
2.420000	0.417381	0.413223	-0.660581	0.036498	
2.430000	0.415609	0.411523	-0.653041	0.036005	
2.440000	0.413847	0.409836	-0.645435	0.035464	
2.450000	0.412093	0.408163	-0.637765	0.034875	
2.460000	0.410348	0.406504	-0.630031	0.034239	
2.470000	0.408612	0.404858	-0.622234	0.033558	
2.480000	0.406886	0.403226	-0.614374	0.032832	
2.490000	0.405168	0.401606	-0.606454	0.032062	
2.500000	0.403460	0.400000	-0.598472	0.031250	
2.510000	0.401761	0.398406	-0.590431	0.030396	
2.520000	0.400070	0.396825	-0.582331	0.029501	
2.530000	0.398389	0.395257	-0.574172	0.028567	
2.540000	0.396717	0.393701	-0.565956	0.027594	
2.550000	0.395054	0.392157	-0.557684	0.026583	
2.560000	0.393400	0.390625	-0.549356	0.025536	
2.570000	0.391755	0.389105	-0.540972	0.024453	
2.580000	0.390120	0.387597	-0.532535	0.023335	
2.590000	0.388493	0.386100	-0.524044	0.022184	
2.600000	0.386875	0.384615	-0.515501	0.021000	
2.610000	0.385267	0.383142	-0.506907	0.019784	
2.620000	0.383667	0.381679	-0.498262	0.018538	
2.630000	0.382077	0.380228	-0.489567	0.017262	
2.640000	0.380495	0.378788	-0.480823	0.015957	
2.650000	0.378923	0.377358	-0.472030	0.014625	
2.660000	0.377360	0.375940	-0.463191	0.013266	
2.670000	0.375806	0.374532	-0.454306	0.011881	
2.680000	0.374261	0.373134	-0.445375	0.010472	
2.690000	0.372725	0.371747	-0.436399	0.009039	
2.700000	0.371198	0.370370	-0.427380	0.007583	
2.710000	0.369680	0.369004	-0.418318	0.006106	
2.720000	0.368172	0.367647	-0.409214	0.004608	
2.730000	0.366672	0.366300	-0.400069	0.003090	
2.740000	0.365181	0.364964	-0.390885	0.001554	
2.750000	0.363700	0.363636	-0.381661	-0.000000	
2.760000	0.362228	0.362319	-0.372399	-0.001571	
2.770000	0.360764	0.361011	-0.363100	-0.003157	
2.780000	0.359310	0.359712	-0.353764	-0.004758	
2.790000	0.357865	0.358423	-0.344393	-0.006373	
2.800000	0.356429	0.357143	-0.334988	-0.008000	
2.810000	0.355002	0.355872	-0.325549	-0.009639	
2.820000	0.353584	0.354610	-0.316078	-0.011289	
2.830000	0.352175	0.353357	-0.306575	-0.012948	
2.840000	0.350775	0.352113	-0.297041	-0.014616	
2.850000	0.349385	0.350877	-0.287478	-0.016292	
2.860000	0.348003	0.349650	-0.277886	-0.017974	
2.870000	0.346630	0.348432	-0.268266	-0.019662	
2.880000	0.345267	0.347222	-0.258619	-0.021355	
2.890000	0.343913	0.346021	-0.248947	-0.023051	
2.900000	0.342567	0.344828	-0.239249	-0.024750	
2.910000	0.341231	0.343643	-0.229528	-0.026451	
2.920000	0.339904	0.342466	-0.219784	-0.028152	
2.930000	0.338586	0.341297	-0.210017	-0.029853	
2.940000	0.337277	0.340136	-0.200230	-0.031553	
2.950000	0.335977	0.338983	-0.190423	-0.033250	
2.960000	0.334686	0.337838	-0.180596	-0.034944	
2.970000	0.333404	0.336700	-0.170752	-0.036634	
2.980000	0.332131	0.335570	-0.160890	-0.038318	
2.990000	0.330868	0.334448	-0.151013	-0.039996	
3.000000	0.329613	0.333333	-0.141120	-0.041667	
3.010000	0.328368	0.332226	-0.131213	-0.043329	
3.020000	0.327131	0.331126	-0.121293	-0.044982	
3.030000	0.325904	0.330033	-0.111361	-0.046625	
3.040000	0.324686	0.328947	-0.101418	-0.048256	
3.050000	0.323477	0.327869	-0.091465	-0.049875	
3.060000	0.322277	0.326797	-0.081502	-0.051481	
3.070000	0.321086	0.325733	-0.071532	-0.053072	
3.080000	0.319904	0.324675	-0.061554	-0.054648	
3.090000	0.318731	0.323625	-0.051570	-0.056208	
3.100000	0.317567	0.322581	-0.041581	-0.057750	
3.110000	0.316413	0.321543	-0.031588	-0.059274	
3.120000	0.315267	0.320513	-0.021591	-0.060779	
3.130000	0.314130	0.319489	-0.011592	-0.062263	
3.140000	0.313003	0.318471	-0.001593	-0.063726	
3.150000	0.311885	0.317460	0.008407	-0.065167	
3.160000	0.310775	0.316456	0.018406	-0.066584	
3.170000	0.309675	0.315457	0.028404	-0.067977	
3.180000	0.308584	0.314465	0.038398	-0.069345	
3.190000	0.307502	0.313480	0.048388	-0.070686	
3.200000	0.306429	0.312500	0.058374	-0.072000	
3.210000	0.305365	0.311526	0.068354	-0.073286	
3.220000	0.304310	0.310559	0.078327	-0.074542	
3.230000	0.303264	0.309598	0.088292	-0.075768	
3.240000	0.302228	0.308642	0.098249	-0.076963	
3.250000	0.301200	0.307692	0.108195	-0.078125	
3.260000	0.300181	0.306748	0.118131	-0.079254	
3.270000	0.299172	0.305810	0.128055	-0.080349	
3.280000	0.298172	0.304878	0.137966	-0.081408	
3.290000	0.297180	0.303951	0.147863	-0.082431	
3.300000	0.296198	0.303030	0.157746	-0.083417	
3.310000	0.295225	0.302115	0.167612	-0.084364	
3.320000	0.294261	0.301205	0.177462	-0.085272	
3.330000	0.293306	0.300300	0.187295	-0.086140	
3.340000	0.292360	0.299401	0.197108	-0.086966	
3.350000	0.291423	0.298507	0.206902	-0.087750	
3.360000	0.290495	0.297619	0.216675	-0.088491	
3.370000	0.289577	0.296736	0.226426	-0.089187	
3.380000	0.288667	0.295858	0.236155	-0.089838	
3.390000	0.287767	0.294985	0.245861	-0.090443	
3.400000	0.286875	0.294118	0.255541	-0.091000	
3.410000	0.285993	0.293255	0.265196	-0.091509	
3.420000	0.285120	0.292398	0.274825	-0.091969	
3.430000	0.284255	0.291545	0.284426	-0.092378	
3.440000	0.283400	0.290698	0.293998	-0.092736	
3.450000	0.282554	0.289855	0.303542	-0.093042	
3.460000	0.281717	0.289017	0.313054	-0.093294	
3.470000	0.280889	0.288184	0.322536	-0.093492	
3.480000	0.280070	0.287356	0.331985	-0.093635	
3.490000	0.279261	0.286533	0.341401	-0.093721	
3.500000	0.278460	0.285714	0.350783	-0.093750	
3.510000	0.277668	0.284900	0.360130	-0.093721	
3.520000	0.276886	0.284091	0.369441	-0.093632	
3.530000	0.276112	0.283286	0.378715	-0.093483	
3.540000	0.275348	0.282486	0.387951	-0.093273	
3.550000	0.274593	0.281690	0.397148	-0.093000	
3.560000	0.273847	0.280899	0.406306	-0.092664	
3.570000	0.273109	0.280112	0.415423	-0.092264	
3.580000	0.272381	0.279330	0.424498	-0.091798	
3.590000	0.271662	0.278552	0.433531	-0.091266	
3.600000	0.270953	0.277778	0.442520	-0.090667	
3.610000	0.270252	0.277008	0.451466	-0.089999	
3.620000	0.269560	0.276243	0.460366	-0.089262	
3.630000	0.268877	0.275482	0.469220	-0.088455	
3.640000	0.268204	0.274725	0.478027	-0.087576	
3.650000	0.267539	0.273973	0.486787	-0.086625	
3.660000	0.266884	0.273224	0.495497	-0.085601	
3.670000	0.266237	0.272480	0.504159	-0.084502	
3.680000	0.265600	0.271739	0.512769	-0.083328	
3.690000	0.264972	0.271003	0.521329	-0.082078	
3.700000	0.264353	0.270270	0.529836	-0.080750	
3.710000	0.263743	0.269542	0.538291	-0.079344	
3.720000	0.263142	0.268817	0.546691	-0.077859	
3.730000	0.262550	0.268097	0.555037	-0.076293	
3.740000	0.261967	0.267380	0.563327	-0.074646	
3.750000	0.261393	0.266667	0.571561	-0.072917	
3.760000	0.260829	0.265957	0.579738	-0.071104	
3.770000	0.260273	0.265252	0.587857	-0.069207	
3.780000	0.259727	0.264550	0.595917	-0.067225	
3.790000	0.259189	0.263852	0.603918	-0.065156	
3.800000	0.258661	0.263158	0.611858	-0.063000	
3.810000	0.258142	0.262467	0.619737	-0.060756	
3.820000	0.257631	0.261780	0.627554	-0.058422	
3.830000	0.257130	0.261097	0.635308	-0.055998	
3.840000	0.256638	0.260417	0.642999	-0.053483	
3.850000	0.256155	0.259740	0.650625	-0.050875	
3.860000	0.255681	0.259067	0.658186	-0.048174	
3.870000	0.255217	0.258398	0.665682	-0.045379	
3.880000	0.254761	0.257732	0.673111	-0.042488	
3.890000	0.254314	0.257069	0.680473	-0.039501	
3.900000	0.253877	0.256410	0.687766	-0.036417	
3.910000	0.253448	0.255754	0.694991	-0.033234	
3.920000	0.253029	0.255102	0.702146	-0.029952	
3.930000	0.252618	0.254453	0.709231	-0.026570	
3.940000	0.252217	0.253807	0.716246	-0.023086	
3.950000	0.251825	0.253165	0.723188	-0.019500	
3.960000	0.251442	0.252525	0.730058	-0.015811	
3.970000	0.251068	0.251889	0.736856	-0.012017	
3.980000	0.250703	0.251256	0.743579	-0.008118	
3.990000	0.250347	0.250627	0.750228	-0.004113	
4.000000	0.250000	0.250000	0.756802	0.000000	
